32.5
4
23.5
97.2
75.9
86.1
70.3
52.1
68.3
52
8
91.6
26.9
35.7
35.8
23.9
15.9
13.2
95.1
96.9
22.8
80.3
1.6
17.5
59.4
51
1.5
26.4
30.1
52.9
25.8
2.6
85.2
66.3
5
77.5
81.7
59.2
36.5
32.2
84.2
3.9
98.6
20.7
96.7
21.6
26.8
48.2
50.2
94.1
28
66.2
87.7
6
1.8
27.1
32.2
89.3
18.6
83.7
82
90.6
48.4
82
30.2
80.8
82.7
0
51.5
44.5
94
98.1
86.7
48.6
70.9
63.9
82.7
48.5
37.0
11.3
38.9
14.3
94.2
81.3
78.1
39.4
73.6
31.3
83.5
45.5
75.4
72.4
73.3
48.5
21.2
4.4
68.6
47.9
82.3
30.1
